ЦУР,1.2.2,1.5.1 Пострадавшие,1.5.2,1.а.1,Т.1.3.2,11.2.1(тыс. чел.),11.5.1 пострадавшие,11.5.2,11.5.3,13.1.1 пострадавшие,2.1.1,Т2.2.1,3.3.1,3.3.2,3.3.4,3.5.1,3.5.2,3.6.1,3.7.1 (возраст 30-34 лет),3.7.1 (возраст 35-39 лет),3.c.1,Т3.6.1,Т3.6.2,Т3.6.4,Т3.6.5,Т3.6.8,Т3.6.10,Т3.6.11,Т3.4.5,Т3.5.2,Т3.7.3,Т3.7.4,Т3.8.4,Т3.13.1,4.2.1 (III группа здоровья),Т4.5.1,Т4.6.3,Т4.7.1
1.2.2,1.0,0.3321175455904696,0.5052813564038268,0.4544596350230619,0.9999995364920107,0.9142400965709879,0.3321175455904696,0.5052813564038268,0.5052813564038268,0.3321175455904696,0.9741745921412169,0.9741745921412169,0.849216150161828,0.8975136765461287,0.914876882474686,0.8392193675971845,0.8879083490558095,0.8980487605196974,0.9357161579717234,0.9063927791116222,0.9770190081865319,0.8654440529773497,0.8963012642218322,0.7566203187491186,0.7338650709346168,0.938693635911816,0.8380585262425212,0.8713896860562803,0.9770190081865319,0.9770190081865319,0.8826402574990831,0.8825414628744971,0.879960505405171,0.8996516193369004,0.898433565407326,0.8899638323743947,0.8674434444245891,0.8935344283321248
1.5.1 Пострадавшие,0.3321175455904696,1.0,0.7237272302793389,0.868302639091908,0.3322607052951897,0.4528006056998613,1.0,0.7237272302793389,0.7237272302793389,1.0,0.26911965236818697,0.26911965236818697,0.3974842256944204,0.415525026122966,0.39106991591251583,0.20374720471820834,0.14379004352187447,0.33675657500822714,0.2603597437240242,0.11309895196950596,0.26525915119118115,0.35251326149899415,0.4161355213420619,0.49585062259438917,0.5104043148676313,0.2948722997875139,0.20328604241484965,0.2080020440851232,0.26525915119118115,0.26525915119118115,0.31647638711704934,0.2820911822065307,0.3882500501350339,0.3420162621235406,0.34474540611576954,0.4561870430418853,0.15326517961296063,0.5601130747214411
1.5.2,0.5052813564038268,0.7237272302793389,1.0,0.7918713703495757,0.5054139410756804,0.6041928142122117,0.723727230279339,1.0,1.0,0.723727230279339,0.4550931267146365,0.4550931267146365,0.6715155813055271,0.6054403494027588,0.5804749902469365,0.6457830808915028,0.2458629630175124,0.4735285641482543,0.4539686494595655,0.34000368773888934,0.47381697770575104,0.6493574493256355,0.6051578738641623,0.5066845569478197,0.5689467369157086,0.4706001504807089,0.6446911524710731,0.3171799499817517,0.47381697770575104,0.47381697770575104,0.3910063751401545,0.354489023791795,0.6317529562978702,0.47933538241571844,0.5381766514308602,0.47280322249526235,0.3538815870725082,0.662956670030859
1.а.1,0.4544596350230619,0.868302639091908,0.7918713703495757,1.0,0.4549692741316731,0.5548693725107527,0.8683026390919079,0.7918713703495757,0.7918713703495757,0.8683026390919079,0.4501934481197688,0.4501934481197688,0.6081826301644192,0.6058258736815594,0.5540117107299023,0.4045309025066624,0.330713404492174,0.4987808846944788,0.46010778299616883,0.30902537837177546,0.4767560347904912,0.583872195052586,0.6058349785293745,0.6106567560219527,0.6319748505456476,0.5006145477959587,0.3962337846248713,0.29795901532711816,0.4767560347904912,0.4767560347904912,0.47485514703994963,0.44574188023357836,0.5438191871400239,0.5034241398336462,0.5169696108766394,0.5889475332501467,0.3394511309047017,0.6811096854006791
Т.1.3.2,0.9999995364920107,0.3322607052951897,0.5054139410756804,0.4549692741316731,1.0,0.9143818489224983,0.33226070529518964,0.5054139410756805,0.5054139410756805,0.33226070529518964,0.9743233259660833,0.9743233259660833,0.8494860514997705,0.8978213862132646,0.9151111772157174,0.8393528435809439,0.8881402425562178,0.8982869716897209,0.9359526877938409,0.9065526625161139,0.9771881562893877,0.8657223643258046,0.8966096729364127,0.7569875717258381,0.7342526960332845,0.938951626727935,0.838177547387034,0.8714774335984293,0.9771881562893877,0.9771881562893877,0.8829123699216646,0.8828067450232486,0.8801569599722174,0.8998883603334435,0.8986647396805365,0.8902385301194872,0.8676427029462355,0.893777493760951
11.2.1(тыс. чел.),0.9142400965709879,0.4528006056998613,0.6041928142122117,0.5548693725107527,0.9143818489224983,1.0,0.45280060569986136,0.6041928142122117,0.6041928142122117,0.45280060569986136,0.9287830932499483,0.9287830932499483,0.9168332851858865,0.9640795427629806,0.9769911859470097,0.8894355283121036,0.8713788928640467,0.917409282422802,0.9562586494874902,0.9146948928852592,0.8985332565817936,0.9191450537590458,0.9640649015450535,0.881041610139038,0.9105248020181838,0.9347056032842487,0.8902270726686076,0.924823593718779,0.8985332565817936,0.8985332565817936,0.9241814353441229,0.9052400181387426,0.9113049012586864,0.9182030976319808,0.9151885910292427,0.9218978972157148,0.8448043703721291,0.9518279479187302
11.5.1 пострадавшие,0.3321175455904696,1.0,0.723727230279339,0.8683026390919079,0.33226070529518964,0.45280060569986136,1.0,0.7237272302793389,0.7237272302793389,1.0,0.26911965236818697,0.26911965236818697,0.3974842256944204,0.415525026122966,0.39106991591251583,0.20374720471820834,0.14379004352187447,0.33675657500822714,0.2603597437240242,0.11309895196950596,0.26525915119118115,0.35251326149899415,0.4161355213420619,0.49585062259438917,0.5104043148676313,0.2948722997875139,0.20328604241484965,0.2080020440851232,0.26525915119118115,0.26525915119118115,0.31647638711704934,0.2820911822065307,0.3882500501350339,0.3420162621235406,0.34474540611576954,0.4561870430418853,0.15326517961296063,0.5601130747214411
11.5.2,0.5052813564038268,0.7237272302793389,1.0,0.7918713703495757,0.5054139410756805,0.6041928142122117,0.7237272302793389,1.0,1.0,0.723727230279339,0.4550931267146365,0.4550931267146365,0.6715155813055271,0.6054403494027588,0.5804749902469365,0.6457830808915028,0.2458629630175124,0.4735285641482543,0.4539686494595655,0.34000368773888934,0.47381697770575104,0.6493574493256355,0.6051578738641623,0.5066845569478197,0.5689467369157086,0.4706001504807089,0.6446911524710731,0.3171799499817517,0.47381697770575104,0.47381697770575104,0.3910063751401545,0.354489023791795,0.6317529562978702,0.47933538241571844,0.5381766514308602,0.47280322249526235,0.3538815870725082,0.662956670030859
11.5.3,0.5052813564038268,0.7237272302793389,1.0,0.7918713703495757,0.5054139410756805,0.6041928142122117,0.7237272302793389,1.0,1.0,0.723727230279339,0.4550931267146365,0.4550931267146365,0.6715155813055271,0.6054403494027588,0.5804749902469365,0.6457830808915028,0.2458629630175124,0.4735285641482543,0.4539686494595655,0.34000368773888934,0.47381697770575104,0.6493574493256355,0.6051578738641623,0.5066845569478197,0.5689467369157086,0.4706001504807089,0.6446911524710731,0.3171799499817517,0.47381697770575104,0.47381697770575104,0.3910063751401545,0.354489023791795,0.6317529562978702,0.47933538241571844,0.5381766514308602,0.47280322249526235,0.3538815870725082,0.662956670030859
13.1.1 пострадавшие,0.3321175455904696,1.0,0.723727230279339,0.8683026390919079,0.33226070529518964,0.45280060569986136,1.0,0.723727230279339,0.723727230279339,1.0,0.26911965236818697,0.26911965236818697,0.3974842256944204,0.415525026122966,0.39106991591251583,0.20374720471820834,0.14379004352187447,0.33675657500822714,0.2603597437240242,0.11309895196950596,0.26525915119118115,0.35251326149899415,0.4161355213420619,0.49585062259438917,0.5104043148676313,0.2948722997875139,0.20328604241484965,0.2080020440851232,0.26525915119118115,0.26525915119118115,0.31647638711704934,0.2820911822065307,0.3882500501350339,0.3420162621235406,0.34474540611576954,0.4561870430418853,0.15326517961296063,0.5601130747214411
2.1.1,0.9741745921412169,0.26911965236818697,0.4550931267146365,0.4501934481197688,0.9743233259660833,0.9287830932499483,0.26911965236818697,0.4550931267146365,0.4550931267146365,0.26911965236818697,1.0,1.0,0.8441821337351039,0.9490385259317228,0.9615425050406118,0.8721790673252621,0.9603938170361559,0.9638434997314016,0.9835305901550386,0.9343570815883235,0.9824256396454083,0.8683079119696258,0.948293895699459,0.8434604580958214,0.8078464868718301,0.9899548882237912,0.8702606861833206,0.9311034704137722,0.9824256396454083,0.9824256396454083,0.9560130275157127,0.9578030200293959,0.9277165149183866,0.9642348068865597,0.958613132389102,0.945303148516634,0.94548944201754,0.9256897369910432
Т2.2.1,0.9741745921412169,0.26911965236818697,0.4550931267146365,0.4501934481197688,0.9743233259660833,0.9287830932499483,0.26911965236818697,0.4550931267146365,0.4550931267146365,0.26911965236818697,1.0,1.0,0.8441821337351039,0.9490385259317228,0.9615425050406118,0.8721790673252621,0.9603938170361559,0.9638434997314016,0.9835305901550386,0.9343570815883235,0.9824256396454083,0.8683079119696258,0.948293895699459,0.8434604580958214,0.8078464868718301,0.9899548882237912,0.8702606861833206,0.9311034704137722,0.9824256396454083,0.9824256396454083,0.9560130275157127,0.9578030200293959,0.9277165149183866,0.9642348068865597,0.958613132389102,0.945303148516634,0.94548944201754,0.9256897369910432
3.3.1,0.849216150161828,0.3974842256944204,0.6715155813055271,0.6081826301644192,0.8494860514997705,0.9168332851858865,0.3974842256944204,0.6715155813055271,0.6715155813055271,0.3974842256944204,0.8441821337351039,0.8441821337351039,1.0,0.9035589457663329,0.8868661206001122,0.8862903533373598,0.7438883001180564,0.7796751010990809,0.8844652642616784,0.8960025547134299,0.8813908984799228,0.997463281414045,0.9027878450900215,0.7406732927215496,0.8337883598858684,0.8520518754223391,0.8811053431608811,0.7449136147983076,0.8813908984799228,0.8813908984799228,0.77924829833858,0.756980930881828,0.8196202471983095,0.7812801382910782,0.801275361755519,0.7767555835935454,0.7147730868234574,0.8502050373672823
3.3.2,0.8975136765461287,0.415525026122966,0.6054403494027588,0.6058258736815594,0.8978213862132646,0.9640795427629806,0.415525026122966,0.6054403494027588,0.6054403494027588,0.415525026122966,0.9490385259317228,0.9490385259317228,0.9035589457663329,1.0,0.9943871113652055,0.9149340494731508,0.9107822386075684,0.9673896277806207,0.9731253011545117,0.8997728657636036,0.9255357949738456,0.9155992844767187,0.999993659712284,0.9381339378433223,0.9400425840875557,0.975849205282563,0.9124077457123536,0.9087873310453344,0.9255357949738456,0.9255357949738456,0.9575162572031356,0.9457179885897137,0.968194928640736,0.9680212278696823,0.9737750702350253,0.956265445390498,0.9193195232312684,0.9784787372146787
3.3.4,0.914876882474686,0.39106991591251583,0.5804749902469365,0.5540117107299023,0.9151111772157174,0.9769911859470097,0.39106991591251583,0.5804749902469365,0.5804749902469365,0.39106991591251583,0.9615425050406118,0.9615425050406118,0.8868661206001122,0.9943871113652055,1.0,0.917364719909463,0.9245472959858746,0.9752585350798717,0.9812177519320693,0.910455557769551,0.9258217606844519,0.9004749519054679,0.9944029645730972,0.928896775407228,0.9240615289311922,0.979638410446229,0.9166532370392382,0.9411074192857176,0.9258217606844519,0.9258217606844519,0.9678932766272597,0.9566370395008191,0.9671704244681414,0.9757097622977308,0.97696878916101,0.9609548298238416,0.9282860775498404,0.9759319093257195
3.5.1,0.8392193675971845,0.20374720471820834,0.6457830808915028,0.4045309025066624,0.8393528435809439,0.8894355283121036,0.20374720471820834,0.6457830808915028,0.6457830808915028,0.20374720471820834,0.8721790673252621,0.8721790673252621,0.8862903533373598,0.9149340494731508,0.917364719909463,1.0,0.7915308635490566,0.859813622800419,0.8950984454389103,0.8671040862916409,0.8609152187379955,0.9036120852737963,0.914563923210612,0.7747230376081613,0.8105987771811629,0.8808409314782822,0.9997900050737829,0.8231003410197438,0.8609152187379955,0.8609152187379955,0.8167628236914573,0.8042768769838511,0.9297632524943903,0.8606723462692375,0.897474573337922,0.7830125513251495,0.8574374338586094,0.8580301520325829
3.5.2,0.8879083490558095,0.14379004352187447,0.2458629630175124,0.330713404492174,0.8881402425562178,0.8713788928640467,0.14379004352187447,0.2458629630175124,0.2458629630175124,0.14379004352187447,0.9603938170361559,0.9603938170361559,0.7438883001180564,0.9107822386075684,0.9245472959858746,0.7915308635490566,1.0,0.9588990725674854,0.9651402782755836,0.9206956202115913,0.9201370920142649,0.7740878843943962,0.9106091371715299,0.8675045949483907,0.8139844297329305,0.9694061162539028,0.7897238537578128,0.957693486291045,0.9201370920142649,0.9201370920142649,0.9774893549082585,0.9854868013148763,0.8766682193254214,0.9572759651105851,0.9341270793775905,0.9424048629421617,0.963044347208182,0.8696700343281728
3.6.1,0.8980487605196974,0.33675657500822714,0.4735285641482543,0.4987808846944788,0.8982869716897209,0.917409282422802,0.33675657500822714,0.4735285641482543,0.4735285641482543,0.33675657500822714,0.9638434997314016,0.9638434997314016,0.7796751010990809,0.9673896277806207,0.9752585350798717,0.859813622800419,0.9588990725674854,1.0,0.9634488544434555,0.8649272089752643,0.9139753921536439,0.8027399434756314,0.9674814519052162,0.9417510434421121,0.8854502165567846,0.9835009429077973,0.8591351388772588,0.9468542110702557,0.9139753921536439,0.9139753921536439,0.9874188936435718,0.9867646839798753,0.9674277295096384,0.9999687840367023,0.9939571927150448,0.9816871127441811,0.9759949079148409,0.9610521031163753
3.7.1 (возраст 30-34 лет),0.9357161579717234,0.2603597437240242,0.4539686494595655,0.46010778299616883,0.9359526877938409,0.9562586494874902,0.2603597437240242,0.4539686494595655,0.4539686494595655,0.2603597437240242,0.9835305901550386,0.9835305901550386,0.8844652642616784,0.9731253011545117,0.9812177519320693,0.8950984454389103,0.9651402782755836,0.9634488544434555,1.0,0.9628829393715622,0.9601438320598453,0.9050142889588689,0.9727749079800593,0.8796957764838741,0.873534670156839,0.9912295159930579,0.8929865145376236,0.9513146015005477,0.9601438320598453,0.9601438320598453,0.9710144213576846,0.9666594027787496,0.9263084708345465,0.9631013109870953,0.955963646076775,0.9464577857694481,0.9374185510576849,0.9300124743277765
3.7.1 (возраст 35-39 лет),0.9063927791116222,0.11309895196950596,0.34000368773888934,0.30902537837177546,0.9065526625161139,0.9146948928852592,0.11309895196950596,0.34000368773888934,0.34000368773888934,0.11309895196950596,0.9343570815883235,0.9343570815883235,0.8960025547134299,0.8997728657636036,0.910455557769551,0.8671040862916409,0.9206956202115913,0.8649272089752643,0.9628829393715622,1.0,0.9361821908968444,0.9142097860209645,0.8990909409072914,0.7615676691916007,0.7979362846128395,0.9270654315992404,0.8646368365649514,0.907074596740024,0.9361821908968444,0.9361821908968444,0.8904395756022199,0.8868166404731446,0.8263238548031818,0.8638524713350587,0.8564600380069871,0.8408614547685374,0.8595682668138636,0.8214715665334791
3.c.1,0.9770190081865319,0.26525915119118115,0.47381697770575104,0.4767560347904912,0.9771881562893877,0.8985332565817936,0.26525915119118115,0.47381697770575104,0.47381697770575104,0.26525915119118115,0.9824256396454083,0.9824256396454083,0.8813908984799228,0.9255357949738456,0.9258217606844519,0.8609152187379955,0.9201370920142649,0.9139753921536439,0.9601438320598453,0.9361821908968444,1.0,0.9027700653838272,0.9243136182555267,0.7853860976375194,0.7697294694015344,0.9659551627569328,0.8562546991222859,0.859886931787239,1.0,1.0,0.902287713560909,0.9050026283951389,0.893664889138988,0.9149380854602336,0.9173720154859449,0.8983468566057647,0.9000522343179186,0.8928133796886605
Т3.6.1,0.8654440529773497,0.35251326149899415,0.6493574493256355,0.583872195052586,0.8657223643258046,0.9191450537590458,0.35251326149899415,0.6493574493256355,0.6493574493256355,0.35251326149899415,0.8683079119696258,0.8683079119696258,0.997463281414045,0.9155992844767187,0.9004749519054679,0.9036120852737963,0.7740878843943962,0.8027399434756314,0.9050142889588689,0.9142097860209645,0.9027700653838272,1.0,0.9147622322093873,0.7473106974764981,0.8300659830111694,0.8753007771070177,0.8982582168058973,0.7657856805994216,0.9027700653838271,0.9027700653838271,0.8004060039929753,0.7811663867828822,0.8368103731917654,0.8041122536332778,0.8236476426094244,0.7915708582660156,0.748191076716433,0.8559719028190689
Т3.6.2,0.8963012642218322,0.4161355213420619,0.6051578738641623,0.6058349785293745,0.8966096729364127,0.9640649015450535,0.4161355213420619,0.6051578738641623,0.6051578738641623,0.4161355213420619,0.948293895699459,0.948293895699459,0.9027878450900215,0.999993659712284,0.9944029645730972,0.914563923210612,0.9106091371715299,0.9674814519052162,0.9727749079800593,0.8990909409072914,0.9243136182555267,0.9147622322093873,1.0,0.9391421569190845,0.9410490906417286,0.9754608265293202,0.9120689290026105,0.9091417967939075,0.9243136182555267,0.9243136182555267,0.9577541375689536,0.9458790016531817,0.9682100520035098,0.9681012864005134,0.973769869299769,0.9564366283665361,0.9192555287995361,0.9785880714502407
Т3.6.4,0.7566203187491186,0.49585062259438917,0.5066845569478197,0.6106567560219527,0.7569875717258381,0.881041610139038,0.49585062259438917,0.5066845569478197,0.5066845569478197,0.49585062259438917,0.8434604580958214,0.8434604580958214,0.7406732927215496,0.9381339378433223,0.928896775407228,0.7747230376081613,0.8675045949483907,0.9417510434421121,0.8796957764838741,0.7615676691916007,0.7853860976375194,0.7473106974764981,0.9391421569190845,1.0,0.9691247101833939,0.89922407421062,0.7737648043959107,0.87751533704648,0.7853860976375193,0.7853860976375193,0.9419703966323234,0.9308850188878879,0.9210719543500301,0.9415771837028325,0.9342370022813674,0.9534974649402699,0.886491500657778,0.9495131010343854
Т3.6.5,0.7338650709346168,0.5104043148676313,0.5689467369157086,0.6319748505456476,0.7342526960332845,0.9105248020181838,0.5104043148676313,0.5689467369157086,0.5689467369157086,0.5104043148676313,0.8078464868718301,0.8078464868718301,0.8337883598858684,0.9400425840875557,0.9240615289311922,0.8105987771811629,0.8139844297329305,0.8854502165567846,0.873534670156839,0.7979362846128395,0.7697294694015344,0.8300659830111694,0.9410490906417286,0.9691247101833939,1.0,0.8672753130532413,0.8089937667892356,0.8462437053358961,0.7697294694015344,0.7697294694015344,0.8963548501955494,0.8751580557383917,0.8896511664245063,0.8853526726684894,0.8857652291974757,0.8997392208320751,0.8158440089705142,0.9284850952108263
Т3.6.8,0.938693635911816,0.2948722997875139,0.4706001504807089,0.5006145477959587,0.938951626727935,0.9347056032842487,0.2948722997875139,0.4706001504807089,0.4706001504807089,0.2948722997875139,0.9899548882237912,0.9899548882237912,0.8520518754223391,0.975849205282563,0.979638410446229,0.8808409314782822,0.9694061162539028,0.9835009429077973,0.9912295159930579,0.9270654315992404,0.9659551627569328,0.8753007771070177,0.9754608265293202,0.89922407421062,0.8672753130532413,1.0,0.8780673489274641,0.93661505415755,0.9659551627569328,0.9659551627569328,0.9788148891812897,0.9781648812661661,0.9484810273241009,0.9835499145132287,0.978486451052865,0.9671138803077598,0.9606300324820375,0.9479999078231793
Т3.6.10,0.8380585262425212,0.20328604241484965,0.6446911524710731,0.3962337846248713,0.838177547387034,0.8902270726686076,0.20328604241484965,0.6446911524710731,0.6446911524710731,0.20328604241484965,0.8702606861833206,0.8702606861833206,0.8811053431608811,0.9124077457123536,0.9166532370392382,0.9997900050737829,0.7897238537578128,0.8591351388772588,0.8929865145376236,0.8646368365649514,0.8562546991222859,0.8982582168058973,0.9120689290026105,0.7737648043959107,0.8089937667892356,0.8780673489274641,1.0,0.8264471637868672,0.8562546991222859,0.8562546991222859,0.8159154268312846,0.8032066842239836,0.9292980967063796,0.8599784818128001,0.8965046042662784,0.7815895148372759,0.8565995073689152,0.8569274219377566
Т3.6.11,0.8713896860562803,0.2080020440851232,0.3171799499817517,0.29795901532711816,0.8714774335984293,0.924823593718779,0.2080020440851232,0.3171799499817517,0.3171799499817517,0.2080020440851232,0.9311034704137722,0.9311034704137722,0.7449136147983076,0.9087873310453344,0.9411074192857176,0.8231003410197438,0.957693486291045,0.9468542110702557,0.9513146015005477,0.907074596740024,0.859886931787239,0.7657856805994216,0.9091417967939075,0.87751533704648,0.8462437053358961,0.93661505415755,0.8264471637868672,1.0,0.859886931787239,0.859886931787239,0.967184684200135,0.9641862049409627,0.8824555984606868,0.9453312975823842,0.9225843138870989,0.9280260303798499,0.9277470732237385,0.8825567429149919
Т3.4.5,0.9770190081865319,0.26525915119118115,0.47381697770575104,0.4767560347904912,0.9771881562893877,0.8985332565817936,0.26525915119118115,0.47381697770575104,0.47381697770575104,0.26525915119118115,0.9824256396454083,0.9824256396454083,0.8813908984799228,0.9255357949738456,0.9258217606844519,0.8609152187379955,0.9201370920142649,0.9139753921536439,0.9601438320598453,0.9361821908968444,1.0,0.9027700653838271,0.9243136182555267,0.7853860976375193,0.7697294694015344,0.9659551627569328,0.8562546991222859,0.859886931787239,1.0,1.0,0.902287713560909,0.9050026283951389,0.893664889138988,0.9149380854602336,0.9173720154859449,0.8983468566057647,0.9000522343179186,0.8928133796886605
Т3.5.2,0.9770190081865319,0.26525915119118115,0.47381697770575104,0.4767560347904912,0.9771881562893877,0.8985332565817936,0.26525915119118115,0.47381697770575104,0.47381697770575104,0.26525915119118115,0.9824256396454083,0.9824256396454083,0.8813908984799228,0.9255357949738456,0.9258217606844519,0.8609152187379955,0.9201370920142649,0.9139753921536439,0.9601438320598453,0.9361821908968444,1.0,0.9027700653838271,0.9243136182555267,0.7853860976375193,0.7697294694015344,0.9659551627569328,0.8562546991222859,0.859886931787239,1.0,1.0,0.902287713560909,0.9050026283951389,0.893664889138988,0.9149380854602336,0.9173720154859449,0.8983468566057647,0.9000522343179186,0.8928133796886605
Т3.7.3,0.8826402574990831,0.31647638711704934,0.3910063751401545,0.47485514703994963,0.8829123699216646,0.9241814353441229,0.31647638711704934,0.3910063751401545,0.3910063751401545,0.31647638711704934,0.9560130275157127,0.9560130275157127,0.77924829833858,0.9575162572031356,0.9678932766272597,0.8167628236914573,0.9774893549082585,0.9874188936435718,0.9710144213576846,0.8904395756022199,0.902287713560909,0.8004060039929753,0.9577541375689536,0.9419703966323234,0.8963548501955494,0.9788148891812897,0.8159154268312846,0.967184684200135,0.902287713560909,0.902287713560909,1.0,0.9982953549064886,0.9241845093674813,0.9865914106331816,0.9669171325851884,0.9856413329601875,0.9552466868562828,0.9413794428018044
Т3.7.4,0.8825414628744971,0.2820911822065307,0.354489023791795,0.44574188023357836,0.8828067450232486,0.9052400181387426,0.2820911822065307,0.354489023791795,0.354489023791795,0.2820911822065307,0.9578030200293959,0.9578030200293959,0.756980930881828,0.9457179885897137,0.9566370395008191,0.8042768769838511,0.9854868013148763,0.9867646839798753,0.9666594027787496,0.8868166404731446,0.9050026283951389,0.7811663867828822,0.9458790016531817,0.9308850188878879,0.8751580557383917,0.9781648812661661,0.8032066842239836,0.9641862049409627,0.9050026283951389,0.9050026283951389,0.9982953549064886,1.0,0.9177891531779714,0.9857905903446779,0.9649938087400083,0.9817155047334748,0.9643295856444286,0.9281522367091932
Т3.8.4,0.879960505405171,0.3882500501350339,0.6317529562978702,0.5438191871400239,0.8801569599722174,0.9113049012586864,0.3882500501350339,0.6317529562978702,0.6317529562978702,0.3882500501350339,0.9277165149183866,0.9277165149183866,0.8196202471983095,0.968194928640736,0.9671704244681414,0.9297632524943903,0.8766682193254214,0.9674277295096384,0.9263084708345465,0.8263238548031818,0.893664889138988,0.8368103731917654,0.9682100520035098,0.9210719543500301,0.8896511664245063,0.9484810273241009,0.9292980967063796,0.8824555984606868,0.893664889138988,0.893664889138988,0.9241845093674813,0.9177891531779714,1.0,0.9685927309559289,0.9883305856685634,0.9276115461476234,0.9456360012750458,0.9656804687635676
Т3.13.1,0.8996516193369004,0.3420162621235406,0.47933538241571844,0.5034241398336462,0.8998883603334435,0.9182030976319808,0.3420162621235406,0.47933538241571844,0.47933538241571844,0.3420162621235406,0.9642348068865597,0.9642348068865597,0.7812801382910782,0.9680212278696823,0.9757097622977308,0.8606723462692375,0.9572759651105851,0.9999687840367023,0.9631013109870953,0.8638524713350587,0.9149380854602336,0.8041122536332778,0.9681012864005134,0.9415771837028325,0.8853526726684894,0.9835499145132287,0.8599784818128001,0.9453312975823842,0.9149380854602336,0.9149380854602336,0.9865914106331816,0.9857905903446779,0.9685927309559289,1.0,0.9944141521286056,0.981948562862099,0.9751486458375953,0.9626787630155874
4.2.1 (III группа здоровья),0.898433565407326,0.34474540611576954,0.5381766514308602,0.5169696108766394,0.8986647396805365,0.9151885910292427,0.34474540611576954,0.5381766514308602,0.5381766514308602,0.34474540611576954,0.958613132389102,0.958613132389102,0.801275361755519,0.9737750702350253,0.97696878916101,0.897474573337922,0.9341270793775905,0.9939571927150448,0.955963646076775,0.8564600380069871,0.9173720154859449,0.8236476426094244,0.973769869299769,0.9342370022813674,0.8857652291974757,0.978486451052865,0.8965046042662784,0.9225843138870989,0.9173720154859449,0.9173720154859449,0.9669171325851884,0.9649938087400083,0.9883305856685634,0.9944141521286056,1.0,0.9637795142069192,0.9746185097891528,0.9661003502909791
Т4.5.1,0.8899638323743947,0.4561870430418853,0.47280322249526235,0.5889475332501467,0.8902385301194872,0.9218978972157148,0.4561870430418853,0.47280322249526235,0.47280322249526235,0.4561870430418853,0.945303148516634,0.945303148516634,0.7767555835935454,0.956265445390498,0.9609548298238416,0.7830125513251495,0.9424048629421617,0.9816871127441811,0.9464577857694481,0.8408614547685374,0.8983468566057647,0.7915708582660156,0.9564366283665361,0.9534974649402699,0.8997392208320751,0.9671138803077598,0.7815895148372759,0.9280260303798499,0.8983468566057647,0.8983468566057647,0.9856413329601875,0.9817155047334748,0.9276115461476234,0.981948562862099,0.9637795142069192,1.0,0.9263765906648791,0.9697916071013448
Т4.6.3,0.8674434444245891,0.15326517961296063,0.3538815870725082,0.3394511309047017,0.8676427029462355,0.8448043703721291,0.15326517961296063,0.3538815870725082,0.3538815870725082,0.15326517961296063,0.94548944201754,0.94548944201754,0.7147730868234574,0.9193195232312684,0.9282860775498404,0.8574374338586094,0.963044347208182,0.9759949079148409,0.9374185510576849,0.8595682668138636,0.9000522343179186,0.748191076716433,0.9192555287995361,0.886491500657778,0.8158440089705142,0.9606300324820375,0.8565995073689152,0.9277470732237385,0.9000522343179186,0.9000522343179186,0.9552466868562828,0.9643295856444286,0.9456360012750458,0.9751486458375953,0.9746185097891528,0.9263765906648791,1.0,0.8901038523338388
Т4.7.1,0.8935344283321248,0.5601130747214411,0.662956670030859,0.6811096854006791,0.893777493760951,0.9518279479187302,0.5601130747214411,0.662956670030859,0.662956670030859,0.5601130747214411,0.9256897369910432,0.9256897369910432,0.8502050373672823,0.9784787372146787,0.9759319093257195,0.8580301520325829,0.8696700343281728,0.9610521031163753,0.9300124743277765,0.8214715665334791,0.8928133796886605,0.8559719028190689,0.9785880714502407,0.9495131010343854,0.9284850952108263,0.9479999078231793,0.8569274219377566,0.8825567429149919,0.8928133796886605,0.8928133796886605,0.9413794428018044,0.9281522367091932,0.9656804687635676,0.9626787630155874,0.9661003502909791,0.9697916071013448,0.8901038523338388,1.0
